Accuracies: [ 0.65810505  0.64936362  0.63298635]
Mean: 0.646818336122