Accuracies: [ 0.83818115  0.82267598  0.83634318]
Mean: 0.832400101058