Accuracies: [-0.20214482 -0.19480358 -0.22267264]
Mean: -0.206540345243