Accuracies: [ 0.90105573  0.86201837  0.8903177   0.87516989  0.88550805]
Mean: 0.882813947689