Accuracies: [ 0.57273363  0.57818711  0.55807555]
Mean: 0.569665429