Accuracies: [ 0.84098701  0.84474557  0.8088207 ]
Mean: 0.831517762103