Accuracies: [ 0.86154949  0.82086695  0.84957504  0.83664445  0.8438694 ]
Mean: 0.842501066146